51843 | 32007 | SYN | 120 | 1|1669113070.363827
32007 | 51843 | SYNACK | 120 | 1|1669113071.097549
51843 | 32007 | ACK | 120 | 1|1669113071.0975559
51843 | 58847 | DATA | 8000 | 1|1669113071.098437
58847 | 51843 | FIN | 8000 | 1|1669113071.817785
51843 | 58847 | DATA | 8000 | 2|1669113074.025307
51843 | 58847 | DATA | 8000 | 2|1669113074.02554
58847 | 51843 | FIN | 8000 | 2|1669113074.027849
58847 | 51843 | FIN | 8000 | 2|1669113074.611258
51843 | 58847 | DATA | 8000 | 4|1669113076.971412
51843 | 58847 | DATA | 8000 | 4|1669113076.971644
51843 | 58847 | DATA | 8000 | 4|1669113076.97186
58847 | 51843 | FIN | 8000 | 4|1669113077.75439
58847 | 51843 | FIN | 8000 | 4|1669113078.376985
58847 | 51843 | FIN | 8000 | 4|1669113078.377356
58847 | 51843 | FIN | 8000 | 4|1669113078.916049
58847 | 51843 | FIN | 8000 | 1.0|1669113082.4782279
58847 | 51843 | FIN | 8000 | 1.0|1669113082.478938
58847 | 51843 | FIN | 8000 | 1.0|1669113082.4795861
58847 | 51843 | FIN | 8000 | 1.0|1669113089.3231208
58847 | 51843 | FIN | 8000 | 1.0|1669113090.281837
58847 | 51843 | FIN | 8000 | 1.0|1669113090.282691
51843 | 58847 | DATA | 8000 | 2.0|1669113093.8281002
58847 | 51843 | FIN | 8000 | 2.0|1669113093.8304262
58847 | 51843 | FIN | 8000 | 2.0|1669113094.397687
51843 | 58847 | DATA | 8000 | 4.0|1669113097.7460322
51843 | 58847 | DATA | 8000 | 4.0|1669113097.7470772
51843 | 58847 | DATA | 8000 | 4.0|1669113097.747293
58847 | 51843 | FIN | 8000 | 4.0|1669113098.319475
58847 | 51843 | FIN | 8000 | 4.0|1669113098.320839
58847 | 51843 | FIN | 8000 | 4.0|1669113098.976784
58847 | 51843 | FIN | 8000 | 4.0|1669113099.931972
58847 | 51843 | FIN | 8000 | 1.0|1669113105.6499252
58847 | 51843 | FIN | 8000 | 1.0|1669113105.6502452
58847 | 51843 | FIN | 8000 | 4.0|1669113112.533481
58847 | 51843 | FIN | 8000 | 4.0|1669113113.20191
58847 | 51843 | FIN | 8000 | 4.0|1669113113.202785
51843 | 58847 | DATA | 8000 | 2.0|1669113117.597467
58847 | 51843 | FIN | 8000 | 2.0|1669113117.6030269
58847 | 51843 | FIN | 8000 | 2.0|1669113117.603746
51843 | 58847 | DATA | 8000 | 4.0|1669113121.935391
51843 | 58847 | DATA | 8000 | 4.0|1669113121.9366798
51843 | 58847 | DATA | 8000 | 4.0|1669113121.9379
58847 | 51843 | FIN | 8000 | 4.0|1669113121.952092
58847 | 51843 | FIN | 8000 | 4.0|1669113122.7366982
58847 | 51843 | FIN | 8000 | 4.0|1669113123.6033201
58847 | 51843 | FIN | 8000 | 4.0|1669113123.604199
58847 | 51843 | FIN | 8000 | 1.0|1669113129.2338371
58847 | 51843 | FIN | 8000 | 1.0|1669113129.235178
58847 | 51843 | FIN | 8000 | 1.0|1669113129.2363389
58847 | 51843 | FIN | 8000 | 1.0|1669113137.058704
58847 | 51843 | FIN | 8000 | 1.0|1669113137.754882
58847 | 51843 | FIN | 8000 | 1.0|1669113138.5304818
51843 | 58847 | DATA | 8000 | 2.0|1669113141.913849
58847 | 51843 | FIN | 8000 | 2.0|1669113141.916182
58847 | 51843 | FIN | 8000 | 2.0|1669113142.657579
51843 | 58847 | DATA | 8000 | 4.0|1669113146.960553
51843 | 58847 | DATA | 8000 | 4.0|1669113146.961549
51843 | 58847 | DATA | 8000 | 4.0|1669113146.961765
58847 | 51843 | FIN | 8000 | 4.0|1669113146.966174
58847 | 51843 | FIN | 8000 | 4.0|1669113146.966424
58847 | 51843 | FIN | 8000 | 4.0|1669113147.549196
58847 | 51843 | FIN | 8000 | 4.0|1669113148.350833
58847 | 51843 | FIN | 8000 | 1.0|1669113156.4467251
58847 | 51843 | FIN | 8000 | 1.0|1669113157.39994
58847 | 51843 | FIN | 8000 | 1.0|1669113158.241268
58847 | 51843 | FIN | 8000 | 1.0|1669113164.768901
58847 | 51843 | FIN | 8000 | 1.0|1669113164.769747
58847 | 51843 | FIN | 8000 | 1.0|1669113165.316344
51843 | 58847 | DATA | 8000 | 2.0|1669113170.503704
58847 | 51843 | FIN | 8000 | 2.0|1669113171.180456
58847 | 51843 | FIN | 8000 | 2.0|1669113172.046832
51843 | 58847 | DATA | 8000 | 4.0|1669113176.480161
51843 | 58847 | DATA | 8000 | 4.0|1669113176.480381
51843 | 58847 | DATA | 8000 | 4.0|1669113176.480591
58847 | 51843 | FIN | 8000 | 4.0|1669113180.921752
58847 | 51843 | FIN | 8000 | 4.0|1669113180.922483
58847 | 51843 | FIN | 8000 | 4.0|1669113181.774555
58847 | 51843 | FIN | 8000 | 4.0|1669113181.77597
58847 | 51843 | FIN | 8000 | 4.0|1669113186.820727
58847 | 51843 | FIN | 8000 | 4.0|1669113187.589448
51843 | 58847 | DATA | 8000 | 8.0|1669113191.98315
51843 | 58847 | DATA | 8000 | 8.0|1669113191.984096
51843 | 58847 | DATA | 8000 | 8.0|1669113191.986123
51843 | 58847 | DATA | 8000 | 8.0|1669113191.986778
51843 | 58847 | DATA | 8000 | 8.0|1669113191.987401
51843 | 58847 | DATA | 8000 | 8.0|1669113191.988043
58847 | 51843 | FIN | 8000 | 8.0|1669113192.706741
58847 | 51843 | FIN | 8000 | 8.0|1669113192.7103
58847 | 51843 | FIN | 8000 | 8.0|1669113192.710974
58847 | 51843 | FIN | 8000 | 8.0|1669113192.711621
58847 | 51843 | FIN | 8000 | 8.0|1669113193.664952
58847 | 51843 | FIN | 8000 | 8.0|1669113194.589994
58847 | 51843 | FIN | 8000 | 8.0|1669113194.591528
58847 | 51843 | FIN | 8000 | 8.0|1669113195.2995682
58847 | 51843 | FIN | 8000 | 1.0|1669113201.263263
58847 | 51843 | FIN | 8000 | 1.0|1669113201.263565
58847 | 51843 | FIN | 8000 | 1.0|1669113201.862939
58847 | 51843 | FIN | 8000 | 8.0|1669113213.589473
58847 | 51843 | FIN | 8000 | 8.0|1669113214.538031
58847 | 51843 | FIN | 8000 | 8.0|1669113214.538573
58847 | 51843 | FIN | 8000 | 8.0|1669113215.075236
58847 | 51843 | FIN | 8000 | 8.0|1669113215.9063969
58847 | 51843 | FIN | 8000 | 8.0|1669113225.401139
58847 | 51843 | FIN | 8000 | 8.0|1669113226.2825239
58847 | 51843 | FIN | 8000 | 8.0|1669113226.283085
58847 | 51843 | FIN | 8000 | 8.0|1669113227.216901
58847 | 51843 | FIN | 8000 | 8.0|1669113227.796726
58847 | 51843 | FIN | 8000 | 8.0|1669113227.797471
58847 | 51843 | FIN | 8000 | 8.0|1669113239.325703
58847 | 51843 | FIN | 8000 | 8.0|1669113239.950928
58847 | 51843 | FIN | 8000 | 8.0|1669113239.951264
58847 | 51843 | FIN | 8000 | 8.0|1669113240.8069918
58847 | 51843 | FIN | 8000 | 8.0|1669113240.807488
51843 | 58847 | DATA | 8000 | 4.0|1669113247.732068
58847 | 51843 | FIN | 8000 | 4.0|1669113247.7383318
58847 | 51843 | FIN | 8000 | 4.0|1669113247.738688
58847 | 51843 | FIN | 8000 | 4.0|1669113247.7390342
58847 | 51843 | FIN | 8000 | 4.0|1669113248.414176
58847 | 51843 | FIN | 8000 | 4.0|1669113248.41453
51843 | 58847 | DATA | 8000 | 4.0|1669113253.8550558
58847 | 51843 | FIN | 8000 | 4.0|1669113253.863306
58847 | 51843 | FIN | 8000 | 4.0|1669113253.863541
58847 | 51843 | FIN | 8000 | 4.0|1669113254.7310169
58847 | 51843 | FIN | 8000 | 4.0|1669113254.732491
51843 | 58847 | DATA | 8000 | 4.0|1669113258.267902
58847 | 51843 | FIN | 8000 | 4.0|1669113258.2721531
58847 | 51843 | FIN | 8000 | 4.0|1669113258.272393
58847 | 51843 | FIN | 8000 | 4.0|1669113258.973663
58847 | 51843 | FIN | 8000 | 4.0|1669113258.974004
58847 | 51843 | FIN | 8000 | 1.0|1669113264.6436632
58847 | 51843 | FIN | 8000 | 1.0|1669113264.6450229
58847 | 51843 | FIN | 8000 | 1.0|1669113264.64599
58847 | 51843 | FIN | 8000 | 1.0|1669113270.906541
58847 | 51843 | FIN | 8000 | 1.0|1669113270.907348
58847 | 51843 | FIN | 8000 | 1.0|1669113270.908076
51843 | 58847 | DATA | 8000 | 2.0|1669113274.066431
58847 | 51843 | FIN | 8000 | 1.0|1669113277.779226
51843 | 58847 | DATA | 8000 | 2.0|1669113281.55695
58847 | 51843 | FIN | 8000 | 1.0|1669113285.340587
58847 | 51843 | FIN | 8000 | 1.0|1669113285.341398
51843 | 58847 | DATA | 8000 | 2.0|1669113290.3838642
58847 | 51843 | FIN | 8000 | 2.0|1669113291.279094
58847 | 51843 | FIN | 8000 | 2.0|1669113291.864408
51843 | 58847 | DATA | 8000 | 4.0|1669113296.0776682
51843 | 58847 | DATA | 8000 | 4.0|1669113296.077891
51843 | 58847 | DATA | 8000 | 4.0|1669113296.078112
58847 | 51843 | FIN | 8000 | 4.0|1669113296.666053
58847 | 51843 | FIN | 8000 | 4.0|1669113296.6671019
58847 | 51843 | FIN | 8000 | 4.0|1669113297.3266041
58847 | 51843 | FIN | 8000 | 4.0|1669113298.20557
58847 | 51843 | FIN | 8000 | 1.0|1669113305.210919
58847 | 51843 | FIN | 8000 | 1.0|1669113305.211885
58847 | 51843 | FIN | 8000 | 1.0|1669113305.2126179
58847 | 51843 | FIN | 8000 | 1.0|1669113314.506548
58847 | 51843 | FIN | 8000 | 1.0|1669113314.507434
58847 | 51843 | FIN | 8000 | 1.0|1669113314.5081449
51843 | 58847 | DATA | 8000 | 2.0|1669113319.728829
58847 | 51843 | FIN | 8000 | 2.0|1669113320.3219268
58847 | 51843 | FIN | 8000 | 2.0|1669113320.3233018
51843 | 58847 | DATA | 8000 | 4.0|1669113325.174558
51843 | 58847 | DATA | 8000 | 4.0|1669113325.174772
51843 | 58847 | DATA | 8000 | 4.0|1669113325.176172
58847 | 51843 | FIN | 8000 | 4.0|1669113325.876352
58847 | 51843 | FIN | 8000 | 4.0|1669113326.5090308
58847 | 51843 | FIN | 8000 | 4.0|1669113327.13133
58847 | 51843 | FIN | 8000 | 4.0|1669113327.658078
58847 | 51843 | FIN | 8000 | 1.0|1669113333.8448699
58847 | 51843 | FIN | 8000 | 1.0|1669113334.5014231
58847 | 51843 | FIN | 8000 | 4.0|1669113343.3103218
58847 | 51843 | FIN | 8000 | 4.0|1669113343.310924
58847 | 51843 | FIN | 8000 | 4.0|1669113343.311628
51843 | 58847 | DATA | 8000 | 2.0|1669113349.2587268
58847 | 51843 | FIN | 8000 | 2.0|1669113349.889483
58847 | 51843 | FIN | 8000 | 2.0|1669113350.816816
51843 | 58847 | DATA | 8000 | 4.0|1669113355.273466
51843 | 58847 | DATA | 8000 | 4.0|1669113355.27397
51843 | 58847 | DATA | 8000 | 4.0|1669113355.2744489
58847 | 51843 | FIN | 8000 | 4.0|1669113356.0241878
58847 | 51843 | FIN | 8000 | 4.0|1669113356.024958
58847 | 51843 | FIN | 8000 | 4.0|1669113356.025661
58847 | 51843 | FIN | 8000 | 4.0|1669113356.026431
58847 | 51843 | FIN | 8000 | 1.0|1669113363.868758
58847 | 51843 | FIN | 8000 | 1.0|1669113363.869287
58847 | 51843 | FIN | 8000 | 1.0|1669113364.631279
58847 | 51843 | FIN | 8000 | 1.0|1669113372.7553558
58847 | 51843 | FIN | 8000 | 1.0|1669113373.3168929
58847 | 51843 | FIN | 8000 | 1.0|1669113373.317803
51843 | 58847 | DATA | 8000 | 2.0|1669113377.683085
58847 | 51843 | FIN | 8000 | 2.0|1669113377.685256
58847 | 51843 | FIN | 8000 | 2.0|1669113378.3558521
51843 | 58847 | DATA | 8000 | 4.0|1669113382.9401731
51843 | 58847 | DATA | 8000 | 4.0|1669113382.940387
51843 | 58847 | DATA | 8000 | 4.0|1669113382.941365
58847 | 51843 | FIN | 8000 | 4.0|1669113382.945127
58847 | 51843 | FIN | 8000 | 4.0|1669113383.5824919
58847 | 51843 | FIN | 8000 | 4.0|1669113384.1903412
58847 | 51843 | FIN | 8000 | 4.0|1669113384.927061
58847 | 51843 | FIN | 8000 | 1.0|1669113391.8861172
58847 | 51843 | FIN | 8000 | 1.0|1669113392.85645
58847 | 51843 | FIN | 8000 | 1.0|1669113393.589568
58847 | 51843 | FIN | 8000 | 1.0|1669113401.063902
58847 | 51843 | FIN | 8000 | 1.0|1669113401.930918
58847 | 51843 | FIN | 8000 | 1.0|1669113401.9323132
51843 | 58847 | DATA | 8000 | 2.0|1669113406.381658
58847 | 51843 | FIN | 8000 | 1.0|1669113411.712915
58847 | 51843 | FIN | 8000 | 1.0|1669113411.7137358
51843 | 58847 | DATA | 8000 | 2.0|1669113417.946146
58847 | 51843 | FIN | 8000 | 2.0|1669113417.949648
58847 | 51843 | FIN | 8000 | 2.0|1669113418.763981
51843 | 58847 | DATA | 8000 | 4.0|1669113425.248519
51843 | 58847 | DATA | 8000 | 4.0|1669113425.248752
51843 | 58847 | DATA | 8000 | 4.0|1669113425.248964
58847 | 51843 | FIN | 8000 | 4.0|1669113426.02504
58847 | 51843 | FIN | 8000 | 4.0|1669113426.698091
58847 | 51843 | FIN | 8000 | 4.0|1669113427.564896
58847 | 51843 | FIN | 8000 | 4.0|1669113428.400655
58847 | 51843 | FIN | 8000 | 1.0|1669113436.8232121
58847 | 51843 | FIN | 8000 | 1.0|1669113436.823931
58847 | 51843 | FIN | 8000 | 1.0|1669113436.824636
58847 | 51843 | FIN | 8000 | 1.0|1669113449.779681
58847 | 51843 | FIN | 8000 | 1.0|1669113450.528384
51843 | 58847 | DATA | 8000 | 2.0|1669113458.15167
51843 | 58847 | DATA | 8000 | 2.0|1669113458.151894
58847 | 51843 | FIN | 8000 | 2.0|1669113458.154021
58847 | 51843 | FIN | 8000 | 2.0|1669113458.1542668
51843 | 58847 | DATA | 8000 | 4.0|1669113465.305351
51843 | 58847 | DATA | 8000 | 4.0|1669113465.3055649
51843 | 58847 | DATA | 8000 | 4.0|1669113465.305774
58847 | 51843 | FIN | 8000 | 4.0|1669113465.937271
58847 | 51843 | FIN | 8000 | 4.0|1669113466.5473359
58847 | 51843 | FIN | 8000 | 4.0|1669113466.5476239
58847 | 51843 | FIN | 8000 | 4.0|1669113467.0992699
58847 | 51843 | FIN | 8000 | 1.0|1669113476.532575
58847 | 51843 | FIN | 8000 | 1.0|1669113476.533035
58847 | 51843 | FIN | 8000 | 4.0|1669113486.5214531
58847 | 51843 | FIN | 8000 | 4.0|1669113486.521791
51843 | 58847 | DATA | 8000 | 8.0|1669113493.173441
51843 | 58847 | DATA | 8000 | 8.0|1669113493.174695
51843 | 58847 | DATA | 8000 | 8.0|1669113493.175445
51843 | 58847 | DATA | 8000 | 8.0|1669113493.176121
51843 | 58847 | DATA | 8000 | 8.0|1669113493.17681
51843 | 58847 | DATA | 8000 | 8.0|1669113493.178148
51843 | 58847 | DATA | 8000 | 8.0|1669113493.1789088
58847 | 51843 | FIN | 8000 | 8.0|1669113493.209452
58847 | 51843 | FIN | 8000 | 8.0|1669113493.728412
58847 | 51843 | FIN | 8000 | 8.0|1669113494.68151
58847 | 51843 | FIN | 8000 | 8.0|1669113495.186732
58847 | 51843 | FIN | 8000 | 8.0|1669113495.187691
58847 | 51843 | FIN | 8000 | 8.0|1669113495.776171
58847 | 51843 | FIN | 8000 | 8.0|1669113495.777164
58847 | 51843 | FIN | 8000 | 8.0|1669113495.7779999
58847 | 51843 | FIN | 8000 | 8.0|1669113503.29675
58847 | 51843 | FIN | 8000 | 8.0|1669113504.159245
58847 | 51843 | FIN | 8000 | 8.0|1669113504.9509912
58847 | 51843 | FIN | 8000 | 8.0|1669113504.95145
58847 | 51843 | FIN | 8000 | 8.0|1669113504.9519281
58847 | 51843 | FIN | 8000 | 8.0|1669113516.7543528
58847 | 51843 | FIN | 8000 | 8.0|1669113516.755729
58847 | 51843 | FIN | 8000 | 8.0|1669113517.486175
58847 | 51843 | FIN | 8000 | 8.0|1669113517.487036
58847 | 51843 | FIN | 8000 | 8.0|1669113518.480494
58847 | 51843 | FIN | 8000 | 8.0|1669113530.893732
58847 | 51843 | FIN | 8000 | 8.0|1669113531.8901188
58847 | 51843 | FIN | 8000 | 8.0|1669113532.6253529
58847 | 51843 | FIN | 8000 | 8.0|1669113532.625775
58847 | 51843 | FIN | 8000 | 8.0|1669113533.3070998
58847 | 51843 | FIN | 8000 | 8.0|1669113534.036991
58847 | 51843 | FIN | 8000 | 8.0|1669113546.041673
58847 | 51843 | FIN | 8000 | 8.0|1669113546.042036
58847 | 51843 | FIN | 8000 | 8.0|1669113546.042596
58847 | 51843 | FIN | 8000 | 8.0|1669113546.5690958
58847 | 51843 | FIN | 8000 | 8.0|1669113546.5695932
51843 | 58847 | DATA | 8000 | 4.0|1669113555.675722
58847 | 51843 | FIN | 8000 | 4.0|1669113555.691464
58847 | 51843 | FIN | 8000 | 4.0|1669113555.691993
58847 | 51843 | FIN | 8000 | 4.0|1669113556.519682
58847 | 51843 | FIN | 8000 | 4.0|1669113557.310444
51843 | 58847 | DATA | 8000 | 4.0|1669113563.260823
58847 | 51843 | FIN | 8000 | 4.0|1669113563.276513
58847 | 51843 | FIN | 8000 | 4.0|1669113564.131107
58847 | 51843 | FIN | 8000 | 4.0|1669113564.6586418
58847 | 51843 | FIN | 8000 | 4.0|1669113564.659182
51843 | 58847 | DATA | 8000 | 4.0|1669113568.776475
58847 | 51843 | FIN | 8000 | 4.0|1669113569.519059
58847 | 51843 | FIN | 8000 | 4.0|1669113569.519517
58847 | 51843 | FIN | 8000 | 4.0|1669113570.23459
58847 | 51843 | FIN | 8000 | 4.0|1669113570.234912
58847 | 51843 | FIN | 8000 | 1.0|1669113577.142405
58847 | 51843 | FIN | 8000 | 1.0|1669113577.872651
58847 | 51843 | FIN | 8000 | 1.0|1669113577.8733
58847 | 51843 | FIN | 8000 | 1.0|1669113586.7491431
58847 | 51843 | FIN | 8000 | 1.0|1669113586.749881
58847 | 51843 | FIN | 8000 | 1.0|1669113586.750585
51843 | 58847 | DATA | 8000 | 2.0|1669113592.289352
58847 | 51843 | FIN | 8000 | 2.0|1669113592.291753
58847 | 51843 | FIN | 8000 | 2.0|1669113592.292023
51843 | 58847 | DATA | 3256 | 4.0|1669113596.9128761
51843 | 58847 | FIN | 120 | 1|1669113601.5347211
